encog,BasicNetwork,java,3.0.0,1,1547765019148
[BASIC]
[BASIC:PARAMS]
[BASIC:NETWORK]
beginTraining=0
connectionLimit=0
contextTargetOffset=0,0,0
contextTargetSize=0,0,0
endTraining=2
hasContext=f
inputCount=10
layerCounts=1,13,11
layerFeedCounts=1,12,10
layerContextCount=0,0,0
layerIndex=0,1,14
output=0,0,0,0,0,0,0,0,0,0,0,0,0,1,0,0,0,0,0,0,0,0,0,0,1
outputCount=1
weightIndex=0,13,145
weights=-0.44426346310771175,0.6188872840995332,0.10677995611256529,0.5635757746317556,0.6557793288237792,2.931868724998521,-0.505700875648037,-0.6828620299733603,-1.0250410645244905,0.5962611015739089,-0.7278021385102363,0.6150151194929498,-0.2399267167215561,0.17987083649460095,0.04260959852402448,-0.7747777004273421,0.30033198438979897,-0.027496636731971533,-0.8180042731065039,-2.428073277389203,-0.09796969742750748,-2.6414715109336244,0.24715254796759764,0.33313018043341874,-0.5805623705175228,-0.06561972415214216,-0.2968685459128069,0.4849315520675524,0.7426652736357239,0.020726569774422946,-0.1119531385887554,-0.37493076667049274,3.245137468911697,0.030925350981529966,-0.6680296053227441,-2.4032483788417216,0.9138221387119495,-1.492216456154959,-2.376850214024061,0.0948378594722935,-0.20309665166437393,0.22586289605286566,0.32724803323229945,-1.7817638653553425,0.7928103565644611,0.3085842835173149,25.463825060446524,-0.1599100484961967,-0.06291604393293734,-2.9956979196487863,-1.006489045975513,0.16302473674430693,-0.26377578541853286,0.20365233312683387,0.24511376880595123,0.18672814809013058,-0.6562843652237297,-0.8038449045616737,0.0008889709356862987,0.7946000741503343,0.0329152272101364,-0.19247247644231824,-0.19335744797574325,1.2185139493025199,0.29719448720035196,1.3028837418058465,0.05308086869267009,-0.4661613535871841,33.74436412668415,0.014124440713144781,0.26862048789343834,0.07558852328817554,-0.04796424069427025,-0.1521962722367946,-0.16404544874458254,0.1055621389226561,-0.13766459375013204,0.011851495626727828,0.34438022207644486,1.936547395653425,0.43325708689886583,0.40429169564921086,-0.2670163398771456,-0.0030757595807365872,0.3175925833606191,-1.1865589170444393,0.224199117733941,1.3684219776894013,0.1782258869959409,-0.36327162739018376,-0.0012147102441219678,-0.19692201499985346,0.4486825805706578,0.4999271979808064,1.133611656958334,-1.0282474676033937,2.228911022467887,-0.13990557339780746,0.20339234156584007,0.026053877391134263,0.6875216317657373,0.8063851268424632,0.4792964471980339,-7.039717960095213,0.134429012239954,0.649811009173481,-0.02177987968597087,-4.610055283240048,-0.02568300037553105,-8.434020825909009,-0.08470252282993926,-1.7719549100827294,-0.8827253969598458,-0.1814670883870314,-0.1728667031954381,-0.027880296211702838,0.45019154339272843,0.4941716992083539,-0.09790814339331524,-0.290914067772242,-2.7476183566776626,-0.059728458878096115,-0.7058535948859608,0.4125553731259734,-0.020797740193783883,-0.093805955841383,0.4842836849190653,0.41634287639859113,0.3103275311044348,-5.5798719277978535,0.5127459262712742,-0.6324495685104352,-0.08762519567486479,0.6352004568783518,-0.9763156395928732,0.008143517595143212,4.7446816798750575,-0.276546685405747,0.8898690459142579,-0.6074597735127056,8.931795169810254,-0.34970977089215366,8.758117314070194,-0.05856472509267165,0.16515066358139607
biasActivation=0,1,1
[BASIC:ACTIVATION]
"ActivationSigmoid"
"ActivationTANH"
"ActivationLinear"
