encog,BasicNetwork,java,3.0.0,1,1547765020685
[BASIC]
[BASIC:PARAMS]
[BASIC:NETWORK]
beginTraining=0
connectionLimit=0
contextTargetOffset=0,0,0
contextTargetSize=0,0,0
endTraining=2
hasContext=f
inputCount=10
layerCounts=1,13,11
layerFeedCounts=1,12,10
layerContextCount=0,0,0
layerIndex=0,1,14
output=0,0,0,0,0,0,0,0,0,0,0,0,0,1,0,0,0,0,0,0,0,0,0,0,1
outputCount=1
weightIndex=0,13,145
weights=-0.44509196475037094,0.6233239070145427,0.10868960729376773,0.5627150550412299,0.6557716268717791,3.149432630911425,-0.5057085776000371,-0.6828543280213603,-1.0456018239308587,0.5962537088308504,-0.7268085621323676,0.6150228214449499,-0.23991932397849777,0.24214725352681107,0.10488601555623461,-0.7953384598337105,0.30033705727755144,-0.027488934779971535,-0.8196600127412387,-2.406449521475241,-0.05450712320190777,-2.529153373707828,0.24713947921522553,0.3331227876903605,-0.639777357607864,-0.06561288415214214,-0.318867727520259,0.48494805115235234,0.7425615024659558,0.020872952898544465,-0.11193377968699539,-0.3752296276394253,3.245178873043981,0.030479606170270807,-0.6680222125796856,-10.814750969034725,0.9354458946259112,-1.514215637762411,-0.8891991353400054,0.0952986694151057,-0.30471500602875323,0.2474866519668275,0.32725311323229944,-1.7809772095510386,0.7924520868794857,0.3085916762603731,25.643181141499287,-0.159595736338913,-0.06296881604816779,-3.1662370824689687,-1.0089679183962268,0.16303593050606696,-0.274783554348758,0.20367136201028985,0.24453399614834165,0.18704033277399537,-0.656243494324146,-0.8630598916520149,0.0008860429356862987,0.7729763182363726,0.032922876170136395,-0.1924488129730968,-0.19236387159787435,1.218448952641556,0.29721351608380797,1.3028886417363041,0.04557262011143334,-0.46615396084412586,33.74406526571521,0.012775525209951526,0.2673696820672991,0.06844937071651983,-0.044778423260973095,-0.1430211180288988,-0.16395060694718863,0.10231967703430511,-0.13113975584691284,0.011853667025361612,0.34685909449715857,2.1070865584736076,0.4331479507331424,0.4676493386786727,-0.26615562028662004,-0.0030680576287365874,0.3175903833606191,-1.1856037766972616,0.20257536181997915,1.375930226270638,0.17824238608074092,-0.4224866144805249,0.006293538337114788,-0.22680110447152246,0.4281218211642893,0.49075204377291054,1.133150847015522,-1.028546328572326,2.2043862021535183,-0.141827660443358,0.2247835055911766,0.019305561722621514,0.6875032362553307,0.8102700034916597,0.46828867826780873,-7.011000399161095,0.13474119692381878,0.6507162281864581,-0.021769418226382075,-4.60924615607325,-0.028290031132904923,-8.434013123957008,-0.07095867478019441,-1.7790940626543852,-0.941940384050187,-0.18147448113008974,-0.2744850575598174,-0.027810983230005065,0.4501790324010029,0.4942039372422227,-0.07734738398694678,-0.290908987772242,-2.7476264986296624,-0.06292282737690298,-0.7058462021429023,0.41969452569762916,-0.020792812193783882,-0.09382817837089533,0.4578592408003253,0.4163505783505911,0.3103961582793373,-5.517595510765643,0.5127819579274437,-0.6295139307536257,-0.08753018888346317,0.6351919282485651,-0.9579888841813988,0.008604327537955411,4.742205319812506,-0.26062767961945005,0.9811718845291166,-0.6268050197901409,8.761256006990074,-0.34966067846266535,8.737556554663824,-0.057665633203141026,0.16544952455032857
biasActivation=0,1,1
[BASIC:ACTIVATION]
"ActivationSigmoid"
"ActivationTANH"
"ActivationLinear"
