encog,BasicNetwork,java,3.0.0,1,1547765006586
[BASIC]
[BASIC:PARAMS]
[BASIC:NETWORK]
beginTraining=0
connectionLimit=0
contextTargetOffset=0,0,0
contextTargetSize=0,0,0
endTraining=2
hasContext=f
inputCount=10
layerCounts=1,13,11
layerFeedCounts=1,12,10
layerContextCount=0,0,0
layerIndex=0,1,14
output=0,0,0,0,0,0,0,0,0,0,0,0,0,1,0,0,0,0,0,0,0,0,0,0,1
outputCount=1
weightIndex=0,13,145
weights=-0.3748316121872597,0.618039523336675,0.13548357821472037,0.5666541501876294,0.6558571236492229,0.885934612717096,-0.5056906153601268,-0.682926904241038,-0.7330702320493955,0.5963476099779659,-0.7289818012067587,0.6132447768172864,-0.24001293712561222,0.021557349437091027,0.019941200185825066,-0.40686172678563204,0.2999882783338297,-0.030998908431475576,-0.2219162484773974,-2.4443444119479567,-0.22144022633811775,-3.522601732731969,0.14367853368168707,0.3332164008374745,-0.18999242162444496,-0.06514988297730358,0.0888746278802768,0.48494742826221987,0.5167936343485193,0.01986139554227451,-0.11147293776251503,-0.3667203603998756,3.2432996324423455,0.03107587804594318,-0.668103356862801,0.029823786374049355,0.3079370211139439,-0.24573270778617873,-2.6939652713581554,0.09435045272925593,-0.06195195405839975,-0.18910036506618114,0.3273635563655158,-1.781700881284651,0.7931004152159575,0.30850444026525903,25.460170349410586,-0.15032698947875678,-0.06409891731053925,-0.5525279422543488,-0.8741542106888652,-0.005383940097339277,-0.11112066593456806,0.203663883509326,0.04885707625335742,0.1722857281471746,-0.6568698879456719,-0.07326334024037971,0.0009580240928034321,0.8005701587411471,0.033073951672893044,-0.19350611031485976,-0.19430499274539442,1.1223452536026877,0.2971807674323046,1.3025681364518709,0.19441350832385026,-0.4662492538049404,33.11823505999496,0.26297201451586794,0.3139406493433484,0.2717176573486746,-0.12255018040691336,-0.21175769442261166,-0.1713505413676286,0.2367095526647417,-0.17755845427136657,-0.045167026655931704,0.32433825991170934,0.1447481875590626,0.43274301617012617,-0.19236318915002282,-0.2765172830903353,-0.003752512618162946,0.3174798818865506,-0.753615039979327,0.1452903642755438,1.3518070291848907,0.1783091202899438,0.48505128142732956,-0.0018139521138526558,0.13793717317341098,-0.14733717681457018,0.5495202648098103,1.1406781657115075,-0.948385953637181,2.0223787090588936,-0.2917594652326619,0.9127253153962536,0.05166307927928515,0.6876833178303537,0.6779584568219825,0.5731638990548953,-7.236663387431883,0.06356792838508488,0.8458927599037162,-0.1614388093483593,-4.414870412762634,0.03631854117767822,-8.434619227506175,-0.13306999135446787,-1.4194326371243278,-0.14974109034471209,-0.181424075110602,-0.1287073720032165,-0.12847269334004396,0.4457189571608404,0.2454951889448318,-1.1985404221608456,-0.2909233344167219,-2.749399704087263,-0.05905494874083685,-0.7059573419832202,0.08175847789375439,-0.020823904014839884,-0.09710185763485633,0.5300686112200973,0.41631409847859147,0.30069338353582975,-5.625632808868264,0.5116255719677852,-0.5973274476499327,-0.13665804818751634,0.6353226393254735,-0.30422004277749565,-0.026827608238212182,4.745094584867592,-0.26127819986464385,0.8300513389524236,-0.5432204278162741,11.278280738182113,-0.3494705252523462,8.503384573565578,-0.1058353206536134,0.16287583392105756
biasActivation=0,1,1
[BASIC:ACTIVATION]
"ActivationSigmoid"
"ActivationTANH"
"ActivationLinear"
