encog,BasicNetwork,java,3.0.0,1,1547765014491
[BASIC]
[BASIC:PARAMS]
[BASIC:NETWORK]
beginTraining=0
connectionLimit=0
contextTargetOffset=0,0,0
contextTargetSize=0,0,0
endTraining=2
hasContext=f
inputCount=10
layerCounts=1,13,11
layerFeedCounts=1,12,10
layerContextCount=0,0,0
layerIndex=0,1,14
output=0,0,0,0,0,0,0,0,0,0,0,0,0,1,0,0,0,0,0,0,0,0,0,0,1
outputCount=1
weightIndex=0,13,145
weights=-0.4299494104492064,0.6180410237698539,0.13504752743130513,0.5687634160888296,0.6558138655263083,2.1549816354011067,-0.5056790257280366,-0.6828922075370375,-0.9011193494160125,0.5963056583619653,-0.7288426243504463,0.6150189569413808,-0.2399712735096122,0.13684246319304624,0.022857827803648336,-0.5696743632390078,0.3002718664040971,-0.02762347543208577,-0.8087470608386966,-2.439038797134298,-0.21860471093823922,-3.507482918085065,0.2468189926530843,0.3331747372214748,-0.21928482449720169,-0.06560579423214215,-0.2109102587005253,0.4849165735786198,0.7487367127989162,0.019957566668457095,-0.1119808952254597,-0.3734946759231498,3.2444957300168173,0.031029562890554065,-0.6680741621108005,-0.02677776832548388,0.8412060783451704,-1.4062581689426774,-2.662185196457607,0.09403610733412299,-0.13220170983483034,0.21203497203345853,0.3272655918434059,-1.7835651297501605,0.7928932618668534,0.30853972672925883,25.429424141461,-0.16001704088876917,-0.06286575424757597,-1.9678416458530306,-0.9817558365138936,0.16408017504607866,-0.27124595802431406,0.20366448903083387,0.1585076545756183,0.18154050663305654,-0.6565306981472541,-0.44695036504925845,0.000919148499362971,0.7988800719081545,0.03289226842813688,-0.19311746060150128,-0.19412645108170906,1.2173772120020785,0.29720180153406445,1.3028063716651639,0.08906356389581788,-0.4662059103752401,33.75162711318798,0.03885765017476423,0.2768885901480644,0.10989367524108673,-0.09945721031236435,-0.20039665138521445,-0.16420738309663824,0.13498931489409322,-0.15431600058027903,0.010234667353880306,0.3294398146800718,0.908691121857669,0.4331499694156159,-0.10931033314627334,-0.26695476401939927,-0.0030903429699024165,0.3175389526794388,-0.7376703465035203,0.22027450611341173,1.3810423259570286,0.17823099924682093,-0.006377087877768445,-0.0028351530667729786,-0.07216643715138975,0.2244985368990112,0.5396550593574572,1.1341180607436527,-1.0165465449652848,2.327979007982915,-0.1796060328165131,0.5602868810782555,0.06672663831437577,0.6876325033125932,0.7424696365101979,0.5080874901497328,-7.082746333396766,0.13163772544220448,0.6500400160455114,-0.011877801717977702,-4.60196358810154,-0.027600394861765784,-8.434123595394775,-0.09706798204475149,-1.685348795852397,-0.5258308574474304,-0.1814225315989753,-0.13852981940916836,-0.02544533912271072,0.44931507041239654,0.44925588768139424,-0.3590154954966966,-0.2908968578522421,-2.7475827664445225,-0.05909146657763685,-0.7058981516740171,0.3759028645544865,-0.020818352334839883,-0.09390509661145845,0.5526724376410972,0.4163236664785913,0.3133407489092789,-5.617372174842573,0.5123864166442992,-0.7056470606813139,-0.10930310284855999,0.6352518597672149,-0.4444672900979539,0.008066773020942622,4.7451553889582785,-0.375336317233554,0.8320361539928425,-0.5551240574379487,11.036985350141004,-0.34971968740450204,8.589955805939745,-0.07350513248904482,0.16334939918657873
biasActivation=0,1,1
[BASIC:ACTIVATION]
"ActivationSigmoid"
"ActivationTANH"
"ActivationLinear"
