encog,BasicNetwork,java,3.0.0,1,1547765011222
[BASIC]
[BASIC:PARAMS]
[BASIC:NETWORK]
beginTraining=0
connectionLimit=0
contextTargetOffset=0,0,0
contextTargetSize=0,0,0
endTraining=2
hasContext=f
inputCount=10
layerCounts=1,13,11
layerFeedCounts=1,12,10
layerContextCount=0,0,0
layerIndex=0,1,14
output=0,0,0,0,0,0,0,0,0,0,0,0,0,1,0,0,0,0,0,0,0,0,0,0,1
outputCount=1
weightIndex=0,13,145
weights=-0.4012456009874977,0.6180532317698542,0.13545573406065028,0.5714100916028306,0.6558330522783086,1.7029567820152196,-0.5056754755852539,-0.6829113942890378,-0.8378959035120268,0.5963248451139656,-0.7289959243501315,0.6140999723879083,-0.23999046026161222,0.12302503920669107,0.02162856529208699,-0.3261137403421981,0.30017651120601646,-0.028542459985558277,-0.6618505552164431,-2.442362962789865,-0.22125089833849534,-3.531327590653464,0.24856944333626907,0.33319392397347464,-0.19120140388852155,-0.06559143756941367,-0.16779143880917283,0.4848900161931794,0.6852165456653679,0.01980455466877178,-0.11177475237566134,-0.37121684315686515,3.243576745463345,0.03104523005215406,-0.6680933488628008,0.028357566745163758,0.7365582313973988,-1.3478210652741716,-2.66319736128043,0.09380834205735808,-0.05132145848183157,0.12024448003543871,0.3273421089773559,-1.7842085413387483,0.7928881872383176,0.308520539977259,25.429815821477785,-0.16001839795190478,-0.06290530411626123,-1.4434410961470134,-0.9598032511305653,0.07276961617311101,-0.13676700136842823,0.20366764019883388,0.12914318904504232,0.17889383111905574,-0.6566563743957723,-0.2648668408457802,0.0009339964993629712,0.7989184252874938,0.03292313942737907,-0.1935115130261717,-0.1942793994909944,1.1897085323871455,0.29717809063230455,1.302531748694692,0.11040965833973677,-0.46622509712724,33.814850559091965,0.0646053133042633,0.27817067228609405,0.164306252799501,-0.127029169925894,-0.2099702484732456,-0.16685405861063904,0.15512880630042114,-0.1696857342517823,0.0065239122824393625,0.3258995386467751,0.3842905721516521,0.43303917363129485,-0.1901905844992721,-0.26356741275020545,-0.003210401946265093,0.31748547062400395,-0.750824240193316,0.16429077469107753,1.3529589053483486,0.17824560724682095,0.17570643632570976,-0.000922604019902082,-0.031317673947838215,-0.09580955105559177,0.6343409306126176,1.1342110000252008,-1.0142308148010875,2.0645110808899583,-0.22768418408375196,0.732164496738946,0.07909835523766573,0.6876634809663534,0.7408037626692503,0.5239737405064442,-7.1046989187800955,0.13810092850528544,0.6538204146465667,-0.0738323270457499,-4.665187034005524,0.0324386580617749,-8.434234391179096,-0.12265633856684656,-1.6221253499484114,-0.34374733324395224,-0.1814076835989753,-0.13808674488570719,-0.10836758083102449,0.4459909047568303,0.3982501565625561,-0.9064845005074817,-0.290905373228882,-2.7475585521312094,-0.05906651674083686,-0.7059202133244413,0.1938193403510083,-0.020830560334839883,-0.09358600475261382,0.5538212330287279,0.41631145847859147,0.30358956119793157,-5.627123362553921,0.5120673247854545,-0.7021531191125641,-0.11917479545039993,0.6352780849349388,-0.3276100701332105,0.008236032641817903,4.745136202206278,-0.3686896044138174,0.8308345480288744,-0.5453728697266016,11.269920474037637,-0.3496548357400364,8.509687719250067,-0.08244529329789867,0.16294119255723358
biasActivation=0,1,1
[BASIC:ACTIVATION]
"ActivationSigmoid"
"ActivationTANH"
"ActivationLinear"
