encog,BasicNetwork,java,3.0.0,1,1547765012870
[BASIC]
[BASIC:PARAMS]
[BASIC:NETWORK]
beginTraining=0
connectionLimit=0
contextTargetOffset=0,0,0
contextTargetSize=0,0,0
endTraining=2
hasContext=f
inputCount=10
layerCounts=1,13,11
layerFeedCounts=1,12,10
layerContextCount=0,0,0
layerIndex=0,1,14
output=0,0,0,0,0,0,0,0,0,0,0,0,0,1,0,0,0,0,0,0,0,0,0,0,1
outputCount=1
weightIndex=0,13,145
weights=-0.40577094671870223,0.618048591769854,0.135398973550341,0.5696093965333612,0.6558210819359084,1.9309376647280085,-0.5056736577280365,-0.6828994239466376,-0.8809106768425435,0.5963128747715654,-0.7289765654483714,0.6147252137314739,-0.2399784899192122,0.12982556299392511,0.021845662980825103,-0.36912851367271476,0.3002518923479394,-0.027917218641992505,-0.7505460838271064,-2.441953831824029,-0.22074428603228313,-3.5316613818155678,0.24779325910285974,0.3331819536310747,-0.1951063607666976,-0.06559822623214212,-0.17735899614387005,0.48489870195317936,0.7227515732982711,0.01982362557053178,-0.11196188692800464,-0.37301753822633454,3.2442019868069107,0.031036842890554063,-0.6680813785204006,0.020691082348027284,0.8092802776115265,-1.3753756303980995,-2.66319736128043,0.09368466121508716,-0.0625677342909786,0.20369649709221757,0.32730801701243345,-1.7839914436500102,0.7928912618668533,0.3085325103196589,25.429317598296628,-0.15998162624637108,-0.06286547680735577,-1.8002228320596507,-0.9747389363147725,0.10356667471848029,-0.16915627569877173,0.20366468903083387,0.13432919084511424,0.18069452618852516,-0.6565708691648291,-0.38874938803766823,0.0009267164993629711,0.7989917597684161,0.03287674906932371,-0.19346301392420145,-0.1942603921796344,1.2186849271985267,0.29718000263230454,1.30274884638343,0.09816386676688707,-0.46621312678484006,33.77183578576145,0.045874550373885346,0.27731806078999,0.12129147946898437,-0.12363567404286842,-0.20879195129163952,-0.16505336354116962,0.1503569102790261,-0.16449973245171037,0.00938868690934892,0.3265247799903409,0.7410723080642893,0.4331145547732178,-0.17894430869012506,-0.26308343441965276,-0.0030867211039941693,0.3175083052841511,-0.7469192833151398,0.21177636920603213,1.3568638622265243,0.17823856724682094,0.05182388913382177,-0.002073234812098037,-0.05818399754691432,0.040948961147477425,0.6019516562822743,1.1342400906460954,-1.0157005645207535,2.1577921909613482,-0.1881041697238927,0.6388833866675568,0.07362293640516593,0.6876515106239532,0.7416236560656664,0.5192369193970027,-7.089763233595889,0.13196372282023638,0.6532514524384349,-0.056136476426584425,-4.622172260675008,0.011852351658347565,-8.434159010037172,-0.10616828491582068,-1.665140123278928,-0.46762988043584025,-0.1814149635989753,-0.1382081583716148,-0.05551700089474439,0.4464000357226657,0.4290472151079254,-0.5497027645948445,-0.29090325785224197,-2.74757046969369,-0.059074967492836854,-0.7059053445044295,0.3177018875428963,-0.020825920334839883,-0.09380310244135194,0.5536846024639205,0.4163187384785914,0.30494544900285386,-5.625767474748998,0.5122844224741926,-0.7311295139239457,-0.117698402754985,0.6352602423509248,-0.35999934446355397,0.008360516230849352,4.745148172548678,-0.3765951845689128,0.8310239891700192,-0.5467287575315236,11.237531199707293,-0.3496837301922459,8.54207699358041,-0.07594155616929522,0.16299795306754286
biasActivation=0,1,1
[BASIC:ACTIVATION]
"ActivationSigmoid"
"ActivationTANH"
"ActivationLinear"
