encog,BasicNetwork,java,3.0.0,1,1547765001731
[BASIC]
[BASIC:PARAMS]
[BASIC:NETWORK]
beginTraining=0
connectionLimit=0
contextTargetOffset=0,0,0
contextTargetSize=0,0,0
endTraining=2
hasContext=f
inputCount=10
layerCounts=1,13,11
layerFeedCounts=1,12,10
layerContextCount=0,0,0
layerIndex=0,1,14
output=0,0,0,0,0,0,0,0,0,0,0,0,0,1,0,0,0,0,0,0,0,0,0,0,1
outputCount=1
weightIndex=0,13,145
weights=-0.37440222635183956,0.6179502709495559,0.13183186523645696,0.5603718694590625,0.6559198917128992,0.4284415744269895,-0.5061107711874404,-0.6828884659530079,-0.49370288258775974,0.5966936758858197,-0.728972380146217,0.6104614651633893,-0.24004722409720625,-0.004793482507315553,0.012270639458499277,-0.415343365988341,0.3008487629238665,-0.03266385049205056,-0.17890666969480226,-2.449180281130563,-0.22142192088551624,-3.1660338326807285,0.1395760748442182,0.33322630758947447,-0.1890676337281142,-0.0869489345647666,0.09359654097767456,0.4848229873415626,0.006867984453334119,0.04877360772073564,-0.09754563451660775,-0.3612697156671109,3.2432155255429658,0.03107101999456454,-0.6681019832465729,0.029772638894428397,0.2649274423313487,-0.06733770027174295,-1.6899397399164964,0.09465366798171228,-0.06375243167242059,-0.3621242145602133,0.32747308742542236,-1.7882828792532168,0.880671012131698,0.30841304340770215,11.491043109947867,-0.08670429058202575,-0.07061250528478248,-0.0542192557115365,-0.6733520021951339,-0.019694236914468716,-0.10592194572037446,0.20268941810893626,-0.09124126445495807,0.07816925346266543,-0.6569893110972382,-0.06719178588572895,0.0009772199968034322,0.8007671807524877,0.0330967153338856,-0.19345801866536474,-0.19433635103342436,1.0984828071420039,0.2971950170323045,1.285794158523702,0.24296992071197357,-0.46651449683587287,28.29297491455768,0.3061828313379927,0.3347555638148996,0.32701869253134513,-0.10678732607129053,-0.1509058101266383,-0.17986258258235,0.36766566502620845,-0.17616342577273844,-0.2125794570875355,0.3235344315787662,0.06885779155917168,0.43211520741710363,-0.19236005972005904,-0.27719446097126155,-0.00396394366913997,0.3169283162624566,-0.7562610822503234,0.1434991742204285,1.350737425510246,0.18747395248595797,0.6580751309213613,-0.004671536763953526,0.16375732729479173,-0.14758514590206043,0.43686724673655164,0.9906924748203392,-0.6498915346593835,1.6042168181084093,-0.41559986492972956,0.45610552631357876,0.04996116981992683,0.687692796239525,0.4662446560712579,0.20263993555457632,-7.585283363626904,0.11948948006784837,0.6314974979441064,0.011433806454451209,-4.326010086816245,0.08064683226133947,-8.437131117230095,-0.24518770727897177,-1.0708126609293074,-0.04607233534512171,-0.17987828764551894,0.09596498293958837,-0.1627979627412256,0.4105607746419287,0.23056130742309733,-1.3032564051820772,-0.2909367104167218,-2.705734806575895,-0.059069935465702474,-0.7059961908748144,0.05865805095439959,-0.02081353503144699,-0.02924684457114418,0.37080162989400606,0.4163384824303078,0.28803250739540587,-5.575880124656401,0.5036045903916203,-0.43972961511891556,-0.15994193948970772,0.6353457676501659,-0.32456582902065323,-0.056690721350127676,4.7236399097338735,-0.06967401865885955,0.8075641456849486,-0.48859757101808127,11.296528681908915,-0.3206128306764198,8.500061653489363,-0.17592447497894043,0.16232634696287113
biasActivation=0,1,1
[BASIC:ACTIVATION]
"ActivationSigmoid"
"ActivationTANH"
"ActivationLinear"
