encog,BasicNetwork,java,3.0.0,1,1547771519220
[BASIC]
[BASIC:PARAMS]
[BASIC:NETWORK]
beginTraining=0
connectionLimit=0
contextTargetOffset=0,0,0
contextTargetSize=0,0,0
endTraining=2
hasContext=f
inputCount=10
layerCounts=1,11,11
layerFeedCounts=1,10,10
layerContextCount=0,0,0
layerIndex=0,1,12
output=0,0,0,0,0,0,0,0,0,0,0,1,0,0,0,0,0,0,0,0,0,0,1
outputCount=1
weightIndex=0,11,121
weights=-0.2180030159626335,0.25215800457394383,-0.3681828693111402,-0.822331218132344,-0.7930549256723692,1.020338385286012,-0.3774619167745519,-0.5119731408783675,-0.8335112469021049,-0.8162946815663795,-1.1048591295111774,-1.8999104271931544,2.5839076762312576,1.8776063099741729,6.570345748576608,-0.6911934161145882,0.7419380312632908,-0.2232881217327093,0.3370247065422296,0.709290625668458,-1.0349706593411607,0.4022134883967895,0.7624705941495261,-0.2660611119851396,-0.9774931825087513,-1.1507295408667306,-3.605159258366914,1.8255980249898334,-0.298309475215691,-0.5935402210218128,0.7821878405463241,4.421789103292339,-0.2630617064552948,-0.19802973003312216,-0.29138185247141873,-0.45133855609138823,-1.1003811535729142,-0.4861311831294553,-0.8146184575527528,-1.13472309067209,1.0872243106731407,-0.2729744001367195,0.30359791544024883,0.292840078371774,0.021558333742152613,-0.12254997489486609,-0.48376023504397747,-0.19956586101117946,0.10003668912300227,-0.05299292706161783,0.23651831173432852,-0.035430178094399835,0.19644358228084255,-0.046102102079064476,0.7196415622320748,-0.5750369777629215,-0.13413000686614224,0.4427703869719986,-0.2209974919347329,0.09022938092436725,0.18354948383028685,-0.21319400137576222,0.09587559312474266,0.041276502297504854,-0.033674868346079745,0.36834875814520907,-0.0444677072238751,-0.10081007468628723,0.5067190451445134,0.0777270204229899,-0.06799558545807673,-0.11264370162571434,-0.0362973226622653,0.15134915497555476,0.5032198526127406,-0.024669834677976673,-0.5511254693157213,-1.2183222527199797,-0.18690090513336857,0.17429518595589313,-0.08544619014091999,-0.02750680781660762,-0.681373296776817,-1.0545855509606359,-1.9792222291219495,0.3207532501337778,-0.29848466823595254,-0.970260004834728,0.08252420656583702,0.20350743733412963,-0.7431481268610175,0.5427724457581174,-0.5567094066654606,0.24540865589913458,-0.020318640220892067,0.5936977189743181,0.30163641638935185,0.5849462903826126,1.0998215533024522,-0.2042291816854219,-0.3505888616745501,0.18110523971235948,0.04338387975707788,-0.13591190590547908,-0.03890225608196953,-0.053126320487768164,-0.10512008788613204,-0.6832701211526458,0.01905852733940817,0.10861715026245317,0.16521330343937995,-0.028240797235639544,0.13053712890535885,-0.4084762363435962,0.028357923555306058,-0.20980936714380857,-0.8534211749645951,-0.2565293288602427,0.3107277032719851,0.11446788718947168,1.5837858754351082
biasActivation=0,1,1
[BASIC:ACTIVATION]
"ActivationSigmoid"
"ActivationTANH"
"ActivationLinear"
